gene,bin,n_draws,n_ok,ok_frac,reject_frac,clr_frac,twist_frac,P_mean_mean,P_mean_std,T_lift_mean,T_lift_std,FoS_mean,FoS_std,fitness_mean,fitness_std,clearance_mean,clearance_std
n_active,1,739,506,0.685,0.303,0.0,0.012,5.717,0.233,386.27,53.473,12.256,2.154,33.815,3.225,5.476,0.219
n_active,2,167,2,0.012,0.371,0.605,0.012,5.67,0.481,760.235,46.917,6.645,0.601,59.755,1.26,5.005,0.304
n_active,3,24,0,0.0,0.625,0.375,0.0,,,,,,,,,,
bank_top,"[0,4)",125,71,0.568,0.304,0.12,0.008,5.667,0.305,383.306,86.021,12.423,2.632,33.438,5.738,5.489,0.197
bank_top,"[4,8)",95,65,0.684,0.221,0.084,0.011,5.785,0.266,379.929,53.364,12.71,1.927,34.062,3.494,5.509,0.27
bank_top,"[8,12)",188,106,0.564,0.282,0.133,0.021,5.769,0.225,386.562,64.185,12.271,2.203,34.221,4.079,5.479,0.235
bank_top,"[12,16)",330,216,0.655,0.27,0.076,0.0,5.716,0.19,386.482,45.332,11.986,2.008,33.685,2.252,5.467,0.208
bank_top,"[16,20)",127,39,0.307,0.52,0.15,0.024,5.645,0.19,407.903,45.461,12.502,1.897,34.487,2.709,5.449,0.205
bank_top,"[20,25]",65,11,0.169,0.523,0.277,0.031,5.405,0.143,427.195,57.261,11.769,3.672,35.751,5.527,5.326,0.152
bank_bot,"[0,4)",190,70,0.368,0.432,0.189,0.011,5.661,0.27,416.88,64.746,12.499,2.018,35.444,4.387,5.419,0.26
bank_bot,"[4,8)",213,104,0.488,0.376,0.127,0.009,5.692,0.236,405.178,70.882,12.319,2.195,34.961,4.231,5.443,0.237
bank_bot,"[8,12)",165,102,0.618,0.333,0.048,0.0,5.744,0.188,388.371,46.97,11.938,2.228,34.108,2.551,5.473,0.206
bank_bot,"[12,16)",105,66,0.629,0.267,0.095,0.01,5.757,0.216,387.951,57.908,12.065,2.116,34.236,3.455,5.498,0.233
bank_bot,"[16,20)",95,55,0.579,0.284,0.116,0.021,5.793,0.229,385.008,54.605,12.07,1.776,34.12,2.67,5.496,0.236
bank_bot,"[20,25]",162,111,0.685,0.179,0.111,0.025,5.689,0.246,353.686,29.541,12.441,2.419,31.508,2.472,5.513,0.162
blade_scale_top,"[0.2,0.7)",104,0,0.0,0.654,0.327,0.019,,,,,,,,,,
blade_scale_top,"[0.7,0.8)",34,2,0.059,0.588,0.353,0.0,5.095,0.035,362.07,6.562,15.255,0.092,29.426,1.266,5.35,0.042
blade_scale_top,"[0.8,0.9)",53,31,0.585,0.245,0.17,0.0,5.431,0.113,345.408,15.823,14.508,1.193,29.044,1.079,5.461,0.084
blade_scale_top,"[0.9,0.95)",37,18,0.486,0.459,0.054,0.0,5.672,0.077,355.032,47.987,12.012,2.622,31.134,2.771,5.514,0.087
blade_scale_top,"[0.95,1.0]",702,457,0.651,0.261,0.075,0.013,5.741,0.228,392.015,59.116,12.075,2.123,34.376,3.446,5.474,0.231
blade_scale_bottom,"[0.2,0.4)",229,106,0.463,0.38,0.127,0.031,5.646,0.254,366.877,46.315,12.785,2.263,32.081,3.283,5.464,0.176
blade_scale_bottom,"[0.4,0.6)",111,52,0.468,0.333,0.189,0.009,5.751,0.307,404.493,79.402,11.888,2.277,35.534,4.149,5.451,0.302
blade_scale_bottom,"[0.6,0.8)",136,66,0.485,0.382,0.132,0.0,5.698,0.232,399.742,71.379,12.623,2.12,34.472,3.888,5.407,0.251
blade_scale_bottom,"[0.8,0.9)",105,60,0.571,0.305,0.124,0.0,5.771,0.23,394.537,64.143,12.184,2.516,34.971,4.168,5.514,0.253
blade_scale_bottom,"[0.9,1.0]",349,224,0.642,0.266,0.083,0.009,5.733,0.198,388.373,48.797,11.952,1.978,33.964,2.993,5.493,0.194
